31.437
31.437
31.375
31.312
31.250
31.187
31.125
31.062
31.000
30.937
30.875
30.750
30.687
30.875
32.062
33.875
35.625
37.062
38.312
39.312
40.125
40.687
41.125
41.500
41.812
42.125
42.375
42.687
42.875
43.062
43.250
43.437
43.562
43.687
43.875
43.937
44.062
44.125
44.250
44.312
44.375
44.500
44.562
44.625
44.687
44.750
44.812
44.812
44.875
44.937
44.937
45.000
45.000
45.062
45.062
45.125
45.125
45.125
45.125
45.125
45.187
45.187
45.187
45.250
45.187
45.250
45.250
45.250
45.250
45.250
45.250
45.250
45.250
45.312
45.250
45.250
45.312
45.312
45.250
45.312
45.312
45.312
45.312
45.312
45.312
45.312
45.312
45.312
45.312
45.312
45.312
45.312
45.312
45.312
45.312
45.312
45.312
45.312
45.312
45.312
45.312
45.312
45.312
45.250
45.250
45.250
45.250
45.250
45.250
45.250
45.250
45.250
45.250
45.250
45.250
45.250
45.250
45.250
45.187
45.187
45.187
45.187
45.187
45.187
45.187
45.187
45.187
45.187
45.187
45.187
45.125
45.125
45.125
45.125
45.125
45.125
45.125
45.125
45.125
45.062
45.062
45.062
45.062
45.062
45.062
45.062
45.000
45.062
45.000
45.000
45.000
45.000
45.000
45.000
45.000
44.937
44.937
44.937
44.937
44.937
44.937
44.937
44.937
44.937
44.875
44.750
44.562
44.375
44.250
44.062
43.875
43.687
43.562
43.375
43.187
43.062
42.875
42.750
42.562
42.437
42.312
42.125
42.000
41.875
41.750
41.625
41.500
41.375
41.250
41.062
41.000
40.875
40.750
40.625
40.562
40.437
40.312
40.187
40.062
40.000
39.875
39.812
39.687
39.625
39.500
39.375
39.312
39.187
39.125
39.000
38.875
38.750
37.125
33.875
30.812
28.250
26.125
24.312
22.812
21.500
20.375
19.437
18.562
17.812
17.125
16.562
16.000
15.500
15.000
14.625
14.187
13.875
13.562
13.187
12.937
12.687
12.437
12.187
11.937
11.750
11.562
11.375
11.187
11.062
10.875
10.750
10.625
10.562
10.437
10.312
10.187
10.125
10.000
9.937
9.875
9.812
9.687
9.625
9.562
9.500
9.437
9.375
9.312
9.312
9.250
9.187
9.125
9.125
9.062
9.062
9.000
9.000
8.937
8.937
8.937
8.937
8.875
8.875
8.875
8.812
8.812
8.812
8.812
8.750
8.750
8.750
8.750
8.750
8.687
8.687
8.687
8.687
8.687
8.687
8.687
8.687
8.687
8.687
8.687
8.625
8.625
8.625
8.625
8.625
8.625
8.625
8.625
8.625
8.625
8.625
8.625
8.625
8.625
8.687
8.812
8.937
9.062
9.250
9.812
11.312
12.937
14.187
15.000
15.625
16.000
16.312
16.500
16.625
16.750
16.875
16.937
17.000
17.000
17.062
17.062
17.125
17.125
17.187
17.187
17.250
17.250
17.312
17.312
17.375
17.375
17.437
17.500
17.562
17.562
17.625
17.625
17.687
17.750
17.750
17.812
17.875
17.875
17.937
18.000
18.000
18.062
18.062
18.125
18.187
18.187
18.250
18.250
18.312
18.375
18.437
19.000
19.750
20.500
21.187
21.812
22.375
22.937
23.375
23.812
24.125
24.500
24.875
25.312
25.687
26.000
26.250
26.375
26.500
26.500
26.562
26.562
26.562
26.562
26.562
26.562
26.562
26.500
26.500
26.437
26.437
26.437
26.375
26.375
26.375
26.375
26.312
26.312
26.312
26.312
